               * PLANE TEMPERATURE FILED *


    1    0
 L0=16     L01= 1     E1=12     E2=18     A0= 6     B= 2     H=   116.306     C=2.000



        节点号   X坐标   Y坐标
         1     0.000     0.000
         2    10.000     0.000
         3    20.000     0.000
         4    30.000     0.000
         5     0.000    10.000
         6    10.000    10.000
         7    20.000    10.000
         8    30.000    10.000
         9     0.000    20.000
        10    10.000    20.000
        11    20.000    20.000
        12    30.000    20.000
        13     0.000    30.000
        14    10.000    30.000
        15    20.000    30.000
        16    30.000    30.000



              单元号          I              J              M

              1              5              6             10
              2              6             11             10
              3             10             11             15
              4              2              7             16
              5              6              7             11
              6              7             12             11
              7              6              5              1
              8             10              9              5
              9             10             13              9
             10             10             14             13
             11             10             15             14
             12             11             16             15
             13             11             12             16
             14              7              8             12
             15              7              4              8
             16              7              3              4
             17              7              2              3
             18              6              1              2




TL:   1   5   9  13  14  15  16   0   0   0   0   0   0   0   0   0   0   0   0   0   0   0   0   0   0   0   0   0   0   0

T00:    404.70    394.90    383.00    300.30    239.00    206.70    190.40      0.00      0.00      0.00      0.00      0.00      0.00      0.00      0.00      0.00      0.00      0.00      0.00      0.00      0.00      0.00      0.00      0.00      0.00      0.00      0.00      0.00      0.00      0.00







MB:   0  15  18   0   0   0   0   0   0   0   0   0   0   0   0   0   0   0   0   0   0


AT0:   85.0000    0.0000    0.0000    0.0000    0.0000    0.0000    0.0000    0.0000    0.0000    0.0000    0.0000    0.0000    0.0000    0.0000    0.0000    0.0000    0.0000    0.0000    0.0000    0.0000


AL0:  186.0880    0.0000    0.0000    0.0000    0.0000    0.0000    0.0000    0.0000    0.0000    0.0000    0.0000    0.0000    0.0000    0.0000    0.0000    0.0000    0.0000    0.0000    0.0000    0.0000






          2HS=   83



