 NP=   5        NE=   4        NB=   2        NL=   2 EE=  0.2943E+07     MU=  0.300000     C=    1.00     WX=    0.00     WY=    0.00

      2      5
   147150.00   147150.00        0.00        0.00
       1       4       0       0       0       1
 NODAL POINT  X CO-ORDINATE  Y CO-ORDINATE
      1          0.0000          0.0000
      2          1.0000          0.0000
      3          0.5000          0.5000
      4          0.0000          1.0000
      5          1.0000          1.0000
 ELEMENT NO NODAL POITS OF THE ELEMENT   TT
       1            1       3       4      1.00
       2            1       2       3      1.00
       3            3       5       4      1.00
       4            3       2       5      1.00
     N=         7
  MAX=         7          H=        26
          1  0.000000E+00  0.000000E+00
          2  0.147150E+04  0.000000E+00
          3  0.000000E+00  0.000000E+00
          4  0.000000E+00  0.000000E+00
          5  0.147150E+04  0.000000E+00


     NODAL DISPLACEMENTS

          1  0.000000E+00  0.000000E+00
          2  0.100000E-02 -0.970617E-10
          3  0.500000E-03 -0.150000E-03
          4  0.000000E+00 -0.300000E-03
          5  0.100000E-02 -0.300000E-03


               ELEMENT STRESSES
 ELEMENT SIGMA X  SIGMA Y   TAU X-Y   SIGMA 1   SIGMA 2   ALFA

     1    0.2943E+04   -0.5557E-04    0.2943E+04    0.0000E+00   -0.1924E-05
     2    0.2943E+04   -0.1370E-03    0.2943E+04   -0.2441E-03    0.4265E-06
     3    0.2943E+04   -0.5557E-04    0.2943E+04    0.0000E+00   -0.1924E-05
     4    0.2943E+04   -0.1370E-03    0.2943E+04   -0.2441E-03    0.4265E-06
